3201.26	37.9015
3200.67	42.1128
3200.07	29.4745
3199.48	54.7301
3198.88	63.1406
3198.29	63.131
3197.7	29.4567
3197.1	42.0746
3196.51	58.8956
3195.91	37.8557
3195.32	33.6445
3194.72	21.0246
3194.13	46.2472
3193.53	37.8329
3192.94	58.8422
3192.35	63.0357
3191.75	16.807
3191.16	21.0056
3190.56	21.0024
3189.96	37.7986
3189.37	20.996
3188.77	50.3829
3188.18	54.5732
3187.58	8.3946
3186.99	50.36
3186.39	20.9802
3185.8	41.954
3185.2	29.3633
3184.6	37.7472
3184.01	20.9675
3183.41	25.1572
3182.81	62.8834
3182.22	8.38319
3181.62	46.1006
3181.02	20.9516
3180.43	37.7072
3179.83	4.18906
3179.23	50.2611
3178.64	0
3178.04	62.8073
3177.44	37.6787
3176.85	37.673
3176.25	66.9641
3175.65	62.7693
3175.05	25.1039
3174.46	66.9337
3173.86	62.7409
3173.26	25.0925
3172.66	12.5444
3172.06	16.7233
3171.47	62.7029
3170.87	29.2569
3170.27	58.505
3169.67	12.5349
3169.07	33.4213
3168.48	-8.35406
3167.88	33.4112
3167.28	8.35153
3166.68	25.0508
3166.08	20.8725
3165.48	45.9125
3164.88	58.4253
3164.28	33.3808
3163.68	25.0318
3163.08	45.8847
3162.49	4.17071
3161.89	62.5511
3161.29	50.0333
3160.69	45.8569
3160.09	33.3454
3159.49	58.3457
3158.89	33.3353
3158.29	54.1617
3157.69	0
3157.09	45.8153
3156.49	12.4932
3155.89	4.16376
3155.28	12.4894
3154.68	12.4875
3154.08	33.2949
3153.48	54.0961
3152.88	70.7303
3152.28	37.4398
3151.68	37.4341
3151.08	41.5871
3150.48	37.4228
3149.88	24.9447
3149.27	33.2546
3148.67	58.1867
3148.07	45.7112
3147.47	41.5493
3146.87	37.3887
3146.27	12.461
3145.66	37.3774
3145.06	41.5241
3144.46	29.0625
3143.86	29.0581
3143.26	20.7526
3142.65	62.2484
3142.05	24.8956
3141.45	16.5945
3140.85	41.48
3140.24	20.7369
3139.64	24.8805
3139.04	45.6073
3138.43	8.29097
3137.83	20.7243
3137.23	58.0192
3136.62	24.8616
3136.02	82.8594
3135.42	16.5694
3134.81	53.8423
3134.21	41.4108
3133.61	41.4046
3133	41.3983
3132.4	20.696
3131.79	24.8314
3131.19	57.9312
3130.59	41.3731
3129.98	53.7769
3129.38	49.6327
3128.77	-8.27086
3128.17	45.4828
3127.56	82.6834
3126.96	41.3354
3126.35	70.2596
3125.75	45.4552
3125.14	8.26332
3124.54	33.0483
3123.93	33.0432
3123.33	49.5573
3122.72	66.0664
3122.12	33.0282
3121.51	41.2789
3120.9	41.2727
3120.3	45.393
3119.69	20.6301
3119.09	41.2539
3118.48	37.1228
3117.87	28.8689
3117.27	41.235
3116.66	37.1059
3116.06	61.8338
3115.45	37.0946
3114.84	78.299
3114.24	12.3611
3113.63	28.8382
3113.02	28.8338
3112.41	53.5404
3111.81	8.23573
3111.2	20.5862
3110.59	32.9329
3109.99	24.6959
3109.38	20.5768
3108.77	32.9179
3108.16	16.4564
3107.56	53.4753
3106.95	41.1286
3106.34	16.4489
3105.73	4.11161
3105.12	32.8878
3104.52	28.7725
3103.91	49.3167
3103.3	32.8728
3102.69	16.4339
3102.08	49.2942
3101.47	61.6084
3100.86	57.4924
3100.26	24.6359
3099.65	41.0535
3099.04	57.4662
3098.43	16.4164
3097.82	53.3452
3097.21	49.2342
3096.6	61.5334
3095.99	32.8128
3095.38	32.8078
3094.77	12.3011
3094.16	32.7978
3093.55	32.7928
3092.94	32.7879
3092.33	8.19571
3091.72	32.7779
3091.11	16.3864
3090.5	49.1518
3089.89	65.5258
3089.28	20.4737
3088.67	40.9411
3088.06	36.8414
3087.45	24.5572
3086.84	57.2914
3086.23	32.7329
3085.61	49.0919
3085	49.0845
3084.39	20.4487
3083.78	20.4456
3083.17	69.5045
3082.56	28.6151
3081.95	24.5235
3081.33	12.2599
3080.72	32.6881
3080.11	4.08539
3079.5	44.9324
3078.89	4.08414
3078.27	20.4176
3077.66	32.6632
3077.05	32.6582
3076.44	36.7348
3075.82	73.4585
3075.21	-8.16081
3074.6	24.4787
3073.99	48.9499
3073.37	32.6283
3072.76	24.4675
3072.15	48.9275
3071.53	32.6134
3070.92	40.7605
3070.31	36.6788
3069.69	40.7481
3069.08	61.1128
3068.47	20.3678
3067.85	61.0941
3067.24	16.2893
3066.62	32.5736
3066.01	56.9951
3065.4	24.4227
3064.78	32.5587
3064.17	-4.06921
3063.55	28.4801
3062.94	36.6117
3062.32	65.0776
3061.71	48.8007
3061.09	60.9916
3060.48	56.9168
3059.86	44.7135
3059.25	65.0279
3058.63	28.4454
3058.02	8.12601
3057.4	36.5614
3056.79	48.7411
3056.17	32.4891
3055.56	64.9683
3054.94	24.3594
3054.32	52.7706
3053.71	44.6453
3053.09	44.6384
3052.48	64.9187
3051.86	28.3976
3051.24	24.3371
3050.63	8.11112
3050.01	40.5494
3049.39	40.5432
3048.78	60.8055
3048.16	32.4247
3047.54	36.4722
3046.93	48.6221
3046.31	52.6659
3045.69	48.6072
3045.08	20.2499
3044.46	28.3456
3043.84	48.585
3043.22	56.6738
3042.61	68.8076
3041.99	52.6096
3041.37	32.3702
3040.75	16.1826
3040.13	64.7205
3039.52	68.755
3038.9	44.4818
3038.28	40.4318
3037.66	28.2979
3037.04	92.9646
3036.42	48.4959
3035.8	64.6513
3035.19	28.2806
3034.57	64.6315
3033.95	40.3885
3033.33	52.497
3032.71	44.4137
3032.09	52.4809
3031.47	48.4365
3030.85	44.3934
3030.23	44.3866
3029.61	44.3798
3028.99	44.373
3028.37	48.3995
3027.75	52.4247
3027.13	28.2244
3026.51	44.3458
3025.89	36.2774
3025.27	12.0906
3024.65	20.1479
3024.03	48.3476
3023.41	56.3969
3022.79	52.3605
3022.17	36.2441
3021.55	40.265
3020.93	48.3106
3020.31	48.3032
3019.68	16.0986
3019.06	64.3845
3018.44	36.2108
3017.82	56.3192
3017.2	60.3328
3016.58	40.2157
3015.96	52.2724
3015.33	28.1424
3014.71	80.3944
3014.09	40.191
3013.47	8.03698
3012.85	64.286
3012.22	44.1898
3011.6	76.3162
3010.98	56.2243
3010.36	52.2003
3009.73	56.2071
3009.11	32.1134
3008.49	60.2034
3007.86	52.1683
3007.24	80.2466
3006.62	56.164
3006	68.1887
3005.37	92.2412
3004.75	40.0987
3004.12	16.037
3003.5	48.1037
3002.88	68.1364
3002.25	44.0815
3001.63	56.0952
3001.01	52.0804
3000.38	32.0445
2999.76	64.0792
2999.13	52.0564
2998.51	100.093
2997.88	56.0435
2997.26	60.0374
2996.63	68.032
2996.01	44.0139
2995.38	64.0104
2994.76	28.0003
2994.13	23.9965
2993.51	35.9893
2992.88	63.9711
2992.26	83.9492
2991.63	95.9273
2991.01	55.949
2990.38	63.9319
2989.76	51.9367
2989.13	51.9287
2988.5	27.9573
2987.88	83.8591
2987.25	79.8535
2986.63	63.873
2986	67.8546
2985.37	59.8625
2984.75	87.7849
2984.12	83.7818
2983.49	67.8129
2982.87	67.8025
2982.24	55.8288
2981.61	43.8587
2980.99	59.7982
2980.36	87.6905
2979.73	67.7504
2979.1	55.7859
2978.48	75.6978
2977.85	95.6036
2977.22	83.6403
2976.59	79.6452
2975.97	99.5412
2975.34	95.5448
2974.71	83.5889
2974.08	79.5962
2973.45	67.6464
2972.82	87.5289
2972.2	59.6696
2971.57	87.502
2970.94	43.7443
2970.31	119.284
2969.68	103.364
2969.05	83.4733
2968.42	71.5375
2967.79	87.4213
2967.16	103.3
2966.54	103.284
2965.91	115.184
2965.28	91.3388
2964.65	87.3541
2964.02	87.3406
2963.39	95.266
2962.76	119.064
2962.13	99.2049
2961.5	75.3841
2960.87	91.2404
2960.24	95.1927
2959.61	75.3493
2958.98	126.885
2958.35	111.007
2957.71	110.99
2957.08	99.0828
2956.45	95.1049
2955.82	126.787
2955.19	110.921
2954.56	114.865
2953.93	91.086
2953.3	126.709
2952.67	126.689
2952.03	95.0024
2951.4	106.861
2950.77	110.802
2950.14	114.742
2949.51	110.768
2948.87	166.126
2948.24	94.9146
2947.61	130.487
2946.98	150.235
2946.35	150.212
2945.71	162.046
2945.08	197.587
2944.45	150.143
2943.81	142.218
2943.18	138.247
2942.55	138.225
2941.92	185.588
2941.28	153.975
2940.65	165.794
2940.02	122.353
2939.38	205.205
2938.75	161.771
2938.12	165.691
2937.48	141.999
2936.85	173.528
2936.21	185.331
2935.58	197.13
2934.95	161.622
2934.31	197.069
2933.68	173.394
2933.04	208.829
2932.41	181.22
2931.77	181.192
2931.14	204.794
2930.5	189.012
2929.87	177.171
2929.23	165.334
2928.6	165.309
2927.96	173.154
2927.33	184.931
2926.69	228.178
2926.06	157.34
2925.42	196.644
2924.78	180.885
2924.15	216.242
2923.51	176.898
2922.88	157.218
2922.24	141.475
2921.6	168.957
2920.97	208.218
2920.33	212.113
2919.69	188.516
2919.06	180.633
2918.42	223.794
2917.78	196.28
2917.15	223.725
2916.51	211.917
2915.87	223.656
2915.24	266.776
2914.6	219.664
2913.96	184.332
2913.32	192.147
2912.69	203.879
2912.05	215.608
2911.41	203.816
2910.77	188.109
2910.13	207.672
2909.5	238.981
2908.86	215.442
2908.22	207.575
2907.58	270.198
2906.94	203.596
2906.3	258.37
2905.67	176.134
2905.03	226.982
2904.39	211.296
2903.75	176.053
2903.11	222.965
2902.47	219.02
2901.83	207.255
2901.19	195.493
2900.55	246.283
2899.91	234.519
2899.27	254.023
2898.63	203.187
2897.99	281.292
2897.35	203.124
2896.71	203.093
2896.07	257.732
2895.43	249.883
2894.79	222.518
2894.15	238.096
2893.51	241.962
2892.87	277.042
2892.23	257.493
2891.59	261.353
2890.95	245.712
2890.31	233.975
2889.67	265.131
2889.02	230.005
2888.38	257.254
2887.74	276.7
2887.1	229.898
2886.46	225.966
2885.82	241.513
2885.17	292.107
2884.53	268.697
2883.89	319.272
2883.25	303.651
2882.61	295.819
2881.96	268.531
2881.32	252.925
2880.68	272.338
2880.04	287.856
2879.39	213.914
2878.75	225.547
2878.11	225.512
2877.46	241.027
2876.82	237.103
2876.18	260.384
2875.53	272.001
2874.89	225.337
2874.25	268.032
2873.6	260.223
2872.96	267.949
2872.32	213.549
2871.67	209.634
2871.03	225.128
2870.38	240.616
2869.74	201.776
2869.1	193.985
2868.45	221.109
2867.81	240.467
2867.16	255.942
2866.52	252.025
2865.87	279.122
2865.23	282.955
2864.58	271.285
2863.94	286.742
2863.29	220.835
2862.65	290.527
2862	228.513
2861.35	236.222
2860.71	267.161
2860.06	228.406
2859.42	267.078
2858.77	270.906
2858.13	294.081
2857.48	255.347
2856.83	282.385
2856.19	259.135
2855.54	282.298
2854.89	270.654
2854.25	274.478
2853.6	340.145
2852.95	289.852
2852.31	316.855
2851.66	282.035
2851.01	266.539
2850.36	281.947
2849.72	262.595
2849.07	270.276
2848.42	243.211
2847.77	239.313
2847.13	235.417
2846.48	277.826
2845.83	243.06
2845.18	208.305
2844.53	208.272
2843.89	173.533
2843.24	173.506
2842.59	161.914
2841.94	146.471
2841.29	165.718
2840.64	154.132
2839.99	115.581
2839.35	115.563
2838.7	123.248
2838.05	119.378
2837.4	111.659
2836.75	107.792
2836.1	80.8314
2835.45	103.91
2834.8	88.5021
2834.15	96.1829
2833.5	92.3213
2832.85	92.3069
2832.2	115.366
2831.55	107.658
2830.9	76.8866
2830.25	61.4997
2829.6	65.3333
2828.95	92.2208
2828.3	53.7871
2827.65	57.6201
2827	99.8593
2826.34	61.4423
2825.69	80.6305
2825.04	84.4569
2824.39	42.2219
2823.74	34.5398
2823.09	72.906
2822.44	88.2409
2821.78	69.0474
2821.13	53.6952
2820.48	84.365
2819.83	95.8544
2819.18	65.1708
2818.52	80.4926
2817.87	42.1562
2817.22	99.6265
2816.57	65.1303
2815.91	53.6283
2815.26	53.62
2814.61	76.588
2813.96	76.5761
2813.3	30.6257
2812.65	88.0351
2812	65.0593
2811.34	53.5699
2810.69	68.8649
2810.04	65.0289
2809.38	87.9666
2808.73	72.6567
2808.07	87.9392
2807.42	91.7483
2806.77	49.6893
2806.11	76.4331
2805.46	76.4212
2804.8	80.2298
2804.15	42.0186
2803.49	42.012
2802.84	64.9176
2802.19	76.3617
2801.53	68.7148
2800.88	91.6055
2800.22	68.6934
2799.57	53.4199
2798.91	49.5964
2798.25	41.9597
2797.6	53.3949
2796.94	57.1999
2796.29	76.2546
2795.63	80.0549
2794.98	80.0424
2794.32	45.7314
2793.66	49.5346
2793.01	60.9562
2792.35	64.7558
2791.69	87.5971
2791.04	49.5037
2790.38	30.4591
2789.73	49.4883
2789.07	83.7363
2788.41	49.4728
2787.75	76.1002
2787.1	53.2618
2786.44	72.2726
2785.78	53.2452
2785.13	79.8553
2784.47	72.2388
2783.81	76.0289
2783.15	79.8179
2782.49	60.8042
2781.84	60.7947
2781.18	75.9815
2780.52	64.5742
2779.86	72.1599
2779.2	60.7567
2778.55	83.5274
2777.89	110.087
2777.23	68.3193
2776.57	72.1035
2775.91	94.8583
2775.25	56.9061
2774.59	75.8629
2773.93	68.266
2773.27	102.383
2772.61	56.8705
2771.95	64.4432
2771.3	102.335
2770.64	117.477
2769.98	71.991
2769.32	94.7102
2768.66	60.6051
2768	68.17
2767.34	49.2262
2766.68	56.7906
2766.01	52.9963
2765.35	79.482
2764.69	90.8224
2764.03	90.8082
2763.37	90.794
2762.71	79.4323
2762.05	71.8561
2761.39	60.5009
2760.73	98.2986
2760.07	64.2621
2759.4	52.9135
2758.74	64.242
2758.08	71.7887
2757.42	83.1108
2756.76	71.7662
2756.1	56.6487
2755.43	83.0718
2754.77	98.1604
2754.11	86.8206
2753.45	41.5164
2752.78	45.2835
2752.12	94.3259
2751.46	67.904
2750.8	67.8934
2750.13	105.595
2749.47	67.8722
2748.81	101.792
2748.14	90.4679
2747.48	86.6848
2746.82	75.3663
2746.15	97.9609
2745.49	97.9455
2744.83	105.463
2744.16	71.5532
2743.5	105.43
2742.83	105.414
2742.17	109.161
2741.51	67.7448
2740.84	79.0232
2740.18	41.3866
2739.51	71.4748
2738.85	67.7023
2738.18	60.1704
2737.52	82.7214
2736.85	82.7084
2736.19	86.4543
2735.52	67.6493
2734.86	90.185
2734.19	105.199
2733.53	131.479
2732.86	101.41
2732.2	90.1285
2731.53	93.8691
2730.86	108.871
2730.2	90.0861
2729.53	93.825
2728.87	131.334
2728.2	60.0292
2727.53	75.0247
2726.87	86.2649
2726.2	116.252
2725.53	134.981
2724.87	86.2243
2724.2	86.2108
2723.53	104.936
2722.86	104.919
2722.2	86.1702
2721.53	97.3945
2720.86	104.87
2720.19	104.854
2719.53	78.6278
2718.86	78.6155
2718.19	74.8601
2717.52	112.273
2716.86	97.2876
2716.19	108.496
2715.52	86.0351
2714.85	112.202
2714.18	112.185
2713.51	97.2113
2712.84	67.2896
2712.18	78.4922
2711.51	93.4284
2710.84	82.2041
2710.17	108.343
2709.5	89.649
2708.83	82.1654
2708.16	97.0893
2707.49	82.1396
2706.82	93.3258
2706.15	59.7191
2705.48	85.8328
2704.81	89.5505
2704.14	78.3444
2703.47	96.9826
2702.8	93.2379
2702.13	89.4943
2701.46	85.7519
2700.79	59.6441
2700.12	67.0891
2699.45	63.352
2698.78	81.972
2698.11	111.762
2697.43	96.8456
2696.76	89.3819
2696.09	63.3022
2695.42	74.4615
2694.75	81.8948
2694.08	66.9943
2693.4	85.5903
2692.73	74.4147
2692.06	107.884
2691.39	104.148
2690.72	96.6935
2690.04	74.3679
2689.37	74.3562
2688.7	96.6479
2688.03	85.4827
2687.35	74.3211
2686.68	63.163
2686.01	81.7275
2685.34	118.858
2684.66	96.5567
2683.99	89.1152
2683.32	59.4008
2682.64	66.8154
2681.97	92.7846
2681.29	81.6376
2680.62	85.3349
2679.95	96.4504
2679.27	81.599
2678.6	103.837
2677.92	88.9891
2677.25	74.1459
2676.58	92.6678
2675.9	85.241
2675.23	85.2275
2674.55	62.9844
2673.88	85.2007
2673.2	88.8911
2672.53	88.8771
2671.85	51.8368
2671.18	88.8491
2670.5	55.5219
2669.83	77.7185
2669.15	62.9051
2668.47	96.1926
2667.8	88.7792
2667.12	51.7797
2666.45	107.241
2665.77	55.4608
2665.09	77.6328
2664.42	99.7979
2663.74	103.478
2663.06	92.3764
2662.39	73.8894
2661.71	84.9595
2661.03	92.3327
2660.36	62.7763
2659.68	92.3036
2659	59.065
2658.32	84.8925
2657.65	73.808
2656.97	92.2454
2656.29	88.5416
2655.61	62.7071
2654.94	77.4495
2654.26	121.687
2653.58	81.112
2652.9	70.0402
2652.22	99.5151
2651.55	62.6478
2650.87	99.4837
2650.19	58.944
2649.51	73.6684
2648.83	51.5598
2648.15	95.7387
2647.47	84.6786
2646.79	88.3463
2646.11	84.6519
2645.44	73.5987
2644.76	80.9458
2644.08	91.9693
2643.4	88.2766
2642.72	84.5851
2642.04	106.634
2641.36	80.8819
2640.68	62.4898
2640	95.5576
2639.32	66.1448
2638.64	88.1791
2637.96	62.4504
2637.27	99.1702
2636.59	106.499
2635.91	77.108
2635.23	84.4383
2634.55	117.461
2633.87	91.7518
2633.19	95.4068
2632.51	117.405
2631.83	73.3667
2631.14	88.0261
2630.46	95.3465
2629.78	80.6651
2629.1	73.3203
2628.42	40.3198
2627.73	84.2917
2627.05	91.6069
2626.37	73.274
2625.69	95.2411
2625	131.851
2624.32	102.535
2623.64	87.8732
2622.96	84.1985
2622.27	65.8841
2621.59	106.13
2620.91	87.8176
2620.22	87.8038
2619.54	58.5266
2618.86	65.832
2618.17	87.7621
2617.49	91.4044
2616.81	76.7676
2616.12	95.0305
2615.44	62.1255
2614.75	65.7696
2614.07	94.9854
2613.38	105.929
2612.7	91.3033
2612.02	80.3342
2611.33	62.0666
2610.65	105.862
2609.96	113.144
2609.28	91.231
2608.59	120.406
2607.9	91.2022
2607.22	116.72
2606.53	65.6448
2605.85	72.9271
2605.16	127.602
2604.48	87.4848
2603.79	91.1156
2603.1	91.1012
2602.42	80.1563
2601.73	76.5007
2601.05	105.627
2600.36	112.894
2599.67	54.6174
2598.99	72.8117
2598.3	91.0002
2597.61	98.2647
2596.93	76.416
2596.24	101.872
2595.55	112.769
2594.86	80.0168
2594.18	94.5503
2593.49	101.807
2592.8	79.9788
2592.11	109.045
2591.43	105.393
2590.74	83.5744
2590.05	101.727
2589.36	87.1804
2588.67	87.1666
2587.98	61.7332
2587.3	112.555
2586.61	101.646
2585.92	94.3707
2585.23	94.3557
2584.54	126.997
2583.85	94.3258
2583.16	97.9382
2582.47	130.563
2581.78	76.15
2581.09	65.261
2580.4	65.2507
2579.71	112.358
2579.02	94.2211
2578.33	76.0896
2577.64	108.682
2576.95	79.6876
2576.26	112.269
2575.57	94.1464
2574.88	76.0292
2574.19	79.637
2573.5	104.959
2572.81	108.562
2572.12	97.6899
2571.43	79.5865
2570.74	54.2549
2570.05	90.4105
2569.35	94.012
2568.66	93.9971
2567.97	93.9821
2567.28	72.2825
2566.59	57.8168
2565.9	93.9374
2565.2	97.5349
2564.51	122.802
2563.82	83.0589
2563.13	133.595
2562.43	90.2527
2561.74	129.943
2561.05	86.6151
2560.36	93.8181
2559.66	43.2938
2558.97	97.3955
2558.28	57.7067
2557.58	100.971
2556.89	100.955
2556.2	100.939
2555.5	111.736
2554.81	82.8875
2554.12	108.097
2553.42	126.093
2552.73	104.46
2552.03	108.045
2551.34	75.6198
2550.65	90.0092
2549.95	115.193
2549.26	97.179
2548.56	93.5649
2547.87	82.7558
2547.17	111.523
2546.48	79.1326
2545.78	82.7163
2545.09	82.7032
2544.39	93.4757
2543.7	89.8662
2543	75.4756
2542.3	114.992
2541.61	114.974
2540.91	118.548
2540.22	93.3865
2539.52	100.554
2538.82	93.3568
2538.13	89.7518
2537.43	89.7376
2536.73	107.668
2536.04	64.5905
2535.34	86.1069
2534.64	111.204
2533.95	100.426
2533.25	100.41
2532.55	100.394
2531.86	111.133
2531.16	107.531
2530.46	107.514
2529.76	103.913
2529.06	100.314
2528.37	89.552
2527.67	118.19
2526.97	107.428
2526.27	121.733
2525.57	103.814
2524.88	89.4807
2524.18	93.0451
2523.48	93.0303
2522.78	93.0155
2522.08	78.6929
2521.38	82.2567
2520.68	92.971
2519.98	103.682
2519.28	85.792
2518.58	78.6302
2517.88	60.75
2517.19	100.043
2516.49	67.8754
2515.79	103.583
2515.09	121.423
2514.39	78.555
2513.69	78.5425
2512.98	103.517
2512.28	99.9313
2511.58	78.5049
2510.88	110.603
2510.18	103.451
2509.48	110.568
2508.78	103.418
2508.08	82.0079
2507.38	106.95
2506.68	81.9817
2505.97	71.2771
2505.27	121.152
2504.57	81.9425
2503.87	121.113
2503.17	99.7242
2502.47	74.7812
2501.76	99.6924
2501.06	103.236
2500.36	99.6606
2499.66	138.791
2498.95	71.1634
2498.25	117.401
2497.55	120.939
2496.85	113.807
2496.14	85.3416
2495.44	78.2173
2494.74	74.65
2494.03	120.843
2493.33	60.4117
2492.63	99.4857
2491.92	120.785
2491.22	106.558
2490.51	106.541
2489.81	99.4221
2489.11	117.157
2488.4	92.2911
2487.7	106.473
2486.99	127.747
2486.29	124.178
2485.58	106.422
2484.88	127.686
2484.17	88.6563
2483.47	106.371
2482.76	92.1731
2482.06	106.337
2481.35	106.32
2480.65	95.6724
2479.94	134.628
2479.24	88.5572
2478.53	99.1682
2477.82	106.235
2477.12	113.299
2476.41	92.0406
2475.7	95.5653
2475	81.3945
2474.29	145.071
2473.58	81.3684
2472.88	123.802
2472.17	127.319
2471.46	99.0097
2470.76	123.742
2470.05	113.118
2469.34	95.4278
2468.64	148.42
2467.93	127.196
2467.22	120.111
2466.51	102.431
2465.8	116.541
2465.1	105.929
2464.39	88.2602
2463.68	109.425
2462.97	102.349
2462.26	127.034
2461.55	98.7881
2460.85	144.631
2460.14	112.865
2459.43	123.426
2458.72	98.7248
2458.01	105.76
2457.3	116.317
2456.59	105.726
2455.88	91.6143
2455.17	77.5074
2454.46	109.197
2453.75	102.136
2453.04	116.205
2452.33	119.707
2451.62	105.607
2450.91	95.0313
2450.2	140.765
2449.49	84.4452
2448.78	105.54
2448.07	87.9356
2447.36	98.4721
2446.65	116.038
2445.94	84.3776
2445.23	130.061
2444.51	119.497
2443.8	108.935
2443.09	98.3774
2442.38	129.978
2441.67	115.908
2440.96	101.842
2440.24	122.893
2439.53	84.2559
2438.82	112.323
2438.11	126.343
2437.39	115.796
2436.68	119.286
2435.97	133.298
2435.26	112.233
2434.54	115.722
2433.83	122.716
2433.12	154.246
2432.4	105.151
2431.69	91.1162
2430.98	143.66
2430.26	112.107
2429.55	161.128
2428.84	122.578
2428.12	98.0464
2427.41	133.042
2426.69	122.519
2425.98	111.999
2425.27	122.479
2424.55	111.963
2423.84	118.942
2423.12	108.429
2422.41	80.4348
2421.69	87.415
2420.98	115.369
2420.26	132.828
2419.55	104.848
2418.83	111.819
2418.12	90.8386
2417.4	115.277
2416.68	104.78
2415.97	122.224
2415.25	146.645
2414.54	108.221
2413.82	101.222
2413.1	104.696
2412.39	115.147
2411.67	90.7073
2410.95	87.2046
2410.24	76.7277
2409.52	129.021
2408.8	108.082
2408.09	135.952
2407.37	104.561
2406.65	121.969
2405.93	108.012
2405.22	114.962
2404.5	132.359
2403.78	132.338
2403.06	94.0145
2402.34	156.666
2401.63	118.351
2400.91	128.773
2400.19	97.4338
2399.47	114.814
2398.75	149.582
2398.03	163.471
2397.31	128.669
2396.59	128.648
2395.88	132.104
2395.16	121.655
2394.44	118.16
2393.72	97.2928
2393	111.174
2392.28	121.577
2391.56	111.138
2390.84	131.955
2390.12	114.574
2389.4	100.67
2388.68	121.479
2387.96	128.4
2387.24	166.546
2386.52	159.581
2385.8	128.338
2385.07	114.445
2384.35	121.362
2383.63	100.541
2382.91	128.255
2382.19	131.7
2381.47	142.075
2380.75	114.335
2380.03	103.924
2379.3	152.397
2378.58	138.52
2377.86	100.411
2377.14	96.933
2376.42	141.915
2375.69	121.127
2374.97	152.25
2374.25	148.765
2373.53	110.691
2372.8	141.8
2372.08	107.198
2371.36	141.755
2370.63	152.102
2369.91	127.884
2369.19	138.23
2368.46	148.574
2367.74	107.094
2367.02	134.709
2366.29	141.595
2365.57	113.948
2364.84	103.572
2364.12	131.171
2363.39	117.344
2362.67	144.931
2361.95	134.557
2361.22	144.884
2360.5	106.921
2359.77	117.25
2359.05	131.022
2358.32	120.659
2357.6	141.321
2356.87	117.174
2356.14	127.492
2355.42	141.252
2354.69	151.563
2353.97	141.207
2353.24	141.184
2352.52	127.389
2351.79	134.253
2351.06	154.883
2350.34	151.416
2349.61	127.307
2348.88	116.966
2348.16	123.826
2347.43	123.806
2346.7	82.5241
2345.97	137.518
2345.25	130.621
2344.52	106.542
2343.79	130.579
2343.06	133.993
2342.34	168.323
2341.61	123.646
2340.88	106.456
2340.15	127.04
2339.42	147.617
2338.7	157.89
2337.97	123.546
2337.24	126.958
2336.51	157.814
2335.78	144.067
2335.05	144.044
2334.32	154.308
2333.59	116.569
2332.87	116.551
2332.14	133.669
2331.41	157.635
2330.68	130.199
2329.95	113.049
2329.22	113.031
2328.49	147.259
2327.76	164.356
2327.03	150.635
2326.3	116.381
2325.57	167.698
2324.84	150.562
2324.1	164.223
2323.37	157.355
2322.64	109.446
2321.91	123.107
2321.18	140.183
2320.45	136.742
2319.72	146.973
2318.99	150.367
2318.25	105.923
2317.52	102.49
2316.79	122.968
2316.06	116.117
2315.33	126.343
2314.59	153.635
2313.86	197.987
2313.13	129.694
2312.4	133.086
2311.66	150.124
2310.93	146.688
2310.2	112.556
2309.47	139.82
2308.73	143.207
2308	160.23
2307.27	136.343
2306.53	132.913
2305.8	136.299
2305.06	149.905
2304.33	153.287
2303.6	187.32
2302.86	132.806
2302.13	132.784
2301.39	156.592
2300.66	156.566
2299.92	142.929
2299.19	166.723
2298.45	180.304
2297.72	136.056
2296.98	122.431
2296.25	156.414
2295.51	142.79
2294.78	142.767
2294.04	122.351
2293.31	139.322
2292.57	122.312
2291.84	163.056
2291.1	149.444
2290.36	142.628
2289.63	166.372
2288.89	169.74
2288.15	142.558
2287.42	115.385
2286.68	135.726
2285.94	156.059
2285.21	135.682
2284.47	149.225
2283.73	152.592
2283	169.519
2282.26	125.424
2281.52	176.243
2280.78	108.439
2280.04	128.751
2279.31	132.118
2278.57	125.322
2277.83	162.554
2277.09	169.299
2276.35	162.501
2275.61	121.856
2274.88	145.526
2274.14	159.038
2273.4	169.162
2272.66	155.603
2271.92	135.285
2271.18	172.461
2270.44	118.336
2269.7	165.644
2268.96	199.416
2268.22	158.831
2267.48	155.426
2266.74	138.51
2266	135.109
2265.26	155.351
2264.52	168.832
2263.78	155.3
2263.04	165.401
2262.3	141.75
2261.56	168.722
2260.82	124.834
2260.08	178.787
2259.34	134.912
2258.59	168.612
2257.85	144.983
2257.11	131.475
2256.37	151.677
2255.63	168.503
2254.89	148.258
2254.14	161.71
2253.4	165.052
2252.66	171.761
2251.92	148.162
2251.17	151.504
2250.43	134.649
2249.69	148.089
2248.95	181.716
2248.2	154.77
2247.46	154.745
2246.72	134.539
2245.97	164.783
2245.23	144.582
2244.49	174.815
2243.74	171.426
2243	151.233
2242.25	144.488
2241.51	154.544
2240.77	178.032
2240.02	144.418
2239.28	151.11
2238.53	154.443
2237.79	147.704
2237.04	181.243
2236.3	134.232
2235.55	154.342
2234.81	140.898
2234.06	124.104
2233.32	157.62
2232.57	130.77
2231.83	181.037
2231.08	167.599
2230.33	164.22
2229.59	150.79
2228.84	150.766
2228.09	177.539
2227.35	157.415
2226.6	184.179
2225.86	170.756
2225.11	164.033
2224.36	153.965
2223.61	180.712
2222.87	170.645
2222.12	157.235
2221.37	150.52
2220.63	147.151
2219.88	157.158
2219.13	147.103
2218.38	163.792
2217.63	180.476
2216.89	187.13
2216.14	160.371
2215.39	143.642
2214.64	153.639
2213.89	153.614
2213.14	163.605
2212.39	193.624
2211.65	140.187
2210.9	133.49
2210.15	230.232
2209.4	186.825
2208.65	160.109
2207.9	156.748
2207.15	233.417
2206.4	130.025
2205.65	186.672
2204.9	179.976
2204.15	163.285
2203.4	156.595
2202.65	139.913
2201.9	133.228
2201.15	173.169
2200.4	176.47
2199.64	173.112
2198.89	176.412
2198.14	196.351
2197.39	186.337
2196.64	146.384
2195.89	159.665
2195.14	176.268
2194.38	182.89
2193.63	166.236
2192.88	176.182
2192.13	176.153
2191.38	179.447
2190.62	182.74
2189.87	176.066
2189.12	209.252
2188.37	179.33
2187.61	169.339
2186.86	146.073
2186.11	189.2
2185.35	189.169
2184.6	192.456
2183.85	169.201
2183.09	152.587
2182.34	228.844
2181.58	189.014
2180.83	212.191
2180.08	182.322
2179.32	178.978
2178.57	185.576
2177.81	155.726
2177.06	155.701
2176.3	211.983
2175.55	175.52
2174.79	172.18
2174.04	168.841
2173.28	172.123
2172.53	155.548
2171.77	231.629
2171.02	148.88
2170.26	165.395
2169.51	188.519
2168.75	181.875
2167.99	181.845
2167.24	178.509
2166.48	201.616
2165.72	152.014
2164.97	194.942
2164.21	191.607
2163.45	165.151
2162.7	188.241
2161.94	145.285
2161.18	171.673
2160.42	161.742
2159.67	201.319
2158.91	204.586
2158.15	151.765
2157.39	204.519
2156.64	181.398
2155.88	201.154
2155.12	187.933
2154.36	191.199
2153.6	151.615
2152.84	154.886
2152.09	187.81
2151.33	210.839
2150.57	187.748
2149.81	194.304
2149.05	217.321
2148.29	194.24
2147.53	187.625
2146.77	164.556
2146.01	213.888
2145.25	197.403
2144.49	171.054
2143.73	180.893
2142.97	180.863
2142.21	184.121
2141.45	184.091
2140.69	210.355
2139.93	213.607
2139.17	184.001
2138.41	197.111
2137.65	183.94
2136.88	167.489
2136.12	187.163
2135.36	196.982
2134.6	223.209
2133.84	173.943
2133.08	154.226
2132.31	249.346
2131.55	229.623
2130.79	223.026
2130.03	190.197
2129.27	193.444
2128.5	206.525
2127.74	232.712
2126.98	206.457
2126.21	176.934
2125.45	183.457
2124.69	180.151
2123.92	186.672
2123.16	235.757
2122.4	206.253
2121.63	199.673
2120.87	209.458
2120.11	186.518
2119.34	186.488
2118.58	199.542
2117.81	189.697
2117.05	189.666
2116.28	219.06
2115.52	176.527
2114.75	202.646
2113.99	186.273
2113.22	209.114
2112.46	205.813
2111.69	209.045
2110.93	209.011
2110.16	202.446
2109.4	195.883
2108.63	225.229
2107.86	189.291
2107.1	231.681
2106.33	189.229
2105.57	208.77
2104.8	228.305
2104.03	179.353
2103.27	221.709
2102.5	211.892
2101.73	195.561
2100.96	202.046
2100.2	263.92
2099.43	188.949
2098.66	231.261
2097.89	214.94
2097.13	221.417
2096.36	208.358
2095.59	214.834
2094.82	192.017
2094.05	201.747
2093.29	201.714
2092.52	201.68
2091.75	234.171
2090.98	217.873
2090.21	204.832
2089.44	169.04
2088.67	227.516
2087.9	220.979
2087.13	240.438
2086.36	207.912
2085.59	259.847
2084.82	201.348
2084.06	198.068
2083.28	207.775
2082.51	223.97
2081.74	282.35
2080.97	207.672
2080.2	217.37
2079.43	214.091
2078.66	207.569
2077.89	226.991
2077.12	175.078
2076.35	223.674
2075.58	220.396
2074.81	226.841
2074.03	262.444
2073.26	217.048
2072.49	197.578
2071.72	220.215
2070.95	220.178
2070.17	226.617
2069.4	203.921
2068.63	200.651
2067.86	177.968
2067.08	197.35
2066.31	197.317
2065.54	239.329
2064.77	194.018
2063.99	210.152
2063.22	219.815
2062.45	216.546
2061.67	239.131
2060.9	245.554
2060.12	180.904
2059.35	200.254
2058.58	209.909
2057.8	213.103
2057.03	229.209
2056.25	229.171
2055.48	222.679
2054.7	235.549
2053.93	229.058
2053.15	206.44
2052.38	238.657
2051.6	203.148
2050.83	209.562
2050.05	235.315
2049.28	241.722
2048.5	238.46
2047.72	209.423
2046.95	219.053
2046.17	219.017
2045.4	209.32
2044.62	235.043
2043.84	231.785
2043.07	218.872
2042.29	212.399
2041.51	225.235
2040.73	212.329
2039.96	212.294
2039.18	205.827
2038.4	257.241
2037.63	196.114
2036.85	241.083
2036.07	250.685
2035.29	163.882
2034.51	250.602
2033.74	212.013
2032.96	224.825
2032.18	234.421
2031.4	208.697
2030.62	253.605
2029.84	198.999
2029.06	247.103
2028.28	208.558
2027.5	263.061
2026.73	234.15
2025.95	234.111
2025.17	230.866
2024.39	214.798
2023.61	233.994
2022.83	256.39
2022.05	269.165
2021.27	214.655
2020.49	249.856
2019.7	253.017
2018.92	220.953
2018.14	249.731
2017.36	185.667
2016.58	230.445
2015.8	243.207
2015.02	246.366
2014.24	239.927
2013.46	265.476
2012.67	223.858
2011.89	233.413
2011.11	223.784
2010.33	236.532
2009.55	217.318
2008.76	236.454
2007.98	245.999
2007.2	268.318
2006.41	277.854
2005.63	271.422
2004.85	249.028
2004.07	255.371
2003.28	280.862
2002.5	226.567
2001.72	271.197
2000.93	213.731
2000.15	251.97
1999.36	255.117
1998.58	216.813
1997.8	261.408
1997.01	248.615
1996.23	248.574
1995.44	258.091
1994.66	254.863
1993.87	219.783
1993.09	261.148
1992.3	216.525
1991.52	261.061
1990.73	280.116
1989.95	245.061
1989.16	283.205
1988.37	257.706
1987.59	235.396
1986.8	225.815
1986.02	248.037
1985.23	276.611
1984.44	263.849
1983.66	273.341
1982.87	301.896
1982.08	247.831
1981.3	276.381
1980.51	260.454
1979.72	301.695
1978.94	266.718
1978.15	257.149
1977.36	301.545
1976.57	250.716
1975.78	247.502
1975	247.461
1974.21	209.355
1973.42	282.265
1972.63	282.218
1971.84	250.466
1971.05	221.895
1970.27	253.552
1969.48	285.199
1968.69	259.805
1967.9	269.265
1967.11	266.053
1966.32	253.341
1965.53	278.629
1964.74	275.417
1963.95	272.206
1963.16	272.161
1962.37	291.1
1961.58	272.07
1960.79	294.166
1960	243.516
1959.21	290.906
1958.42	259.243
1957.63	271.844
1956.84	268.638
1956.05	243.314
1955.25	271.708
1954.46	265.345
1953.67	287.409
1952.88	271.572
1952.09	262.055
1951.3	306.206
1950.5	284.061
1949.71	296.637
1948.92	340.76
1948.13	290.228
1947.33	293.334
1946.54	255.442
1945.75	277.471
1944.96	312.103
1944.16	264.77
1943.37	283.635
1942.58	280.437
1941.78	292.992
1940.99	258.294
1940.19	292.894
1939.4	255.059
1938.61	267.61
1937.81	270.713
1937.02	276.962
1936.22	308.384
1935.43	314.625
1934.63	308.281
1933.84	323.955
1933.04	301.889
1932.25	295.55
1931.45	282.926
1930.66	295.451
1929.86	292.259
1929.07	235.654
1928.27	304.728
1927.48	279.549
1926.68	314.047
1925.88	276.316
1925.09	273.13
1924.29	276.223
1923.49	304.423
1922.7	276.131
1921.9	244.712
1921.1	307.407
1920.31	263.448
1919.51	269.675
1918.71	266.495
1917.91	316.606
1917.12	297.748
1916.32	338.435
1915.52	269.45
1914.72	269.405
1913.92	294.416
1913.13	263.052
1912.33	269.27
1911.53	275.486
1910.73	300.48
1909.93	297.3
1909.13	334.798
1908.33	319.099
1907.53	319.046
1906.73	297.101
1905.94	300.178
1905.14	287.623
1904.34	337.588
1903.54	240.647
1902.74	278.104
1901.94	299.927
1901.14	284.258
1900.33	284.211
1899.53	309.145
1898.73	355.925
1897.93	293.433
1897.13	287.142
1896.33	296.456
1895.53	318.246
1894.73	283.878
1893.93	296.307
1893.12	293.139
1892.32	283.736
1891.52	293.04
1890.72	345.979
1889.92	264.895
1889.11	305.357
1888.31	286.613
1887.51	302.14
1886.71	252.26
1885.9	336.29
1885.1	311.328
1884.3	320.614
1883.49	289.438
1882.69	280.054
1881.89	295.563
1881.08	320.399
1880.28	345.226
1879.48	304.743
1878.67	282.929
1877.87	326.401
1877.06	341.887
1876.26	335.614
1875.45	304.488
1874.65	319.969
1873.84	347.87
1873.04	313.651
1872.23	357.068
1871.43	304.233
1870.62	366.26
1869.82	310.337
1869.01	332.005
1868.21	353.666
1867.4	353.607
1866.59	341.142
1865.79	322.48
1864.98	313.125
1864.17	344.07
1863.37	328.516
1862.56	359.448
1861.75	322.21
1860.95	331.449
1860.14	328.296
1859.33	303.468
1858.53	325.09
1857.72	352.895
1856.91	328.076
1856.1	346.588
1855.29	399.128
1854.49	303.162
1853.68	364.971
1852.87	324.708
1852.06	312.285
1851.25	309.142
1850.44	302.908
1849.63	339.942
1848.83	346.064
1848.02	333.649
1847.21	333.593
1846.4	361.331
1845.59	367.446
1844.78	339.599
1843.97	364.236
1843.16	324.054
1842.35	379.542
1841.54	333.2
1840.73	311.552
1839.92	370.098
1839.11	333.032
1838.29	369.974
1837.48	332.92
1836.67	302.044
1835.86	357.461
1835.05	360.482
1834.24	329.616
1833.43	326.48
1832.61	366.459
1831.8	347.923
1830.99	357.1
1830.18	335.495
1829.37	356.98
1828.55	363.074
1827.74	329.172
1826.93	369.103
1826.11	356.74
1825.3	347.455
1824.49	393.511
1823.68	396.519
1822.86	356.5
1822.05	325.712
1821.23	313.368
1820.42	380.893
1819.61	374.687
1818.79	337.775
1817.98	273.245
1817.16	343.801
1816.35	343.743
1815.53	371.303
1814.72	368.172
1813.9	361.975
1813.09	389.518
1812.27	343.454
1811.46	352.594
1810.64	383.19
1809.83	389.255
1809.01	373.867
1808.2	370.74
1807.38	352.297
1806.56	407.37
1805.75	333.804
1804.93	382.738
1804.11	336.752
1803.3	376.487
1802.48	382.544
1801.66	370.24
1800.85	370.178
1800.03	376.233
1799.21	431.219
1798.39	369.991
1797.58	437.188
1796.76	348.469
1795.94	388.141
1795.12	333.073
1794.3	384.955
1793.49	397.108
1792.67	421.475
1791.85	378.653
1791.03	381.642
1790.21	378.525
1789.39	372.357
1788.57	402.81
1787.75	390.537
1786.93	363.016
1786.11	341.605
1785.29	396.439
1784.47	429.911
1783.65	359.723
1782.83	380.998
1782.01	411.408
1781.19	402.198
1780.37	374.712
1779.55	420.338
1778.73	374.585
1777.91	368.432
1777.09	386.636
1776.27	377.44
1775.45	407.809
1774.62	365.141
1773.8	380.291
1772.98	374.143
1772.16	380.162
1771.34	380.098
1770.51	413.476
1769.69	401.248
1768.87	419.415
1768.05	422.383
1767.22	373.7
1766.4	385.788
1765.58	394.834
1764.75	394.767
1763.93	346.122
1763.11	431.062
1762.28	421.883
1761.46	352.016
1760.64	409.604
1759.81	436.837
1758.99	415.532
1758.16	366.94
1757.34	379.006
1756.51	366.816
1755.69	433.437
1754.86	403.058
1754.04	390.87
1753.21	375.656
1752.39	417.998
1751.56	402.785
1750.74	375.466
1749.91	405.676
1749.09	408.635
1748.26	393.433
1747.43	423.626
1746.61	378.173
1745.78	387.184
1744.95	396.191
1744.13	417.291
1743.3	426.29
1742.47	380.876
1741.65	395.923
1740.82	410.965
1739.99	416.938
1739.16	404.784
1738.34	380.553
1737.51	407.667
1736.68	452.886
1735.85	422.622
1735.02	434.623
1734.19	440.585
1733.37	416.373
1732.54	452.502
1731.71	416.232
1730.88	404.098
1730.05	413.075
1729.22	440.137
1728.39	364.709
1727.56	403.824
1726.73	430.874
1725.9	406.7
1725.07	448.8
1724.24	427.643
1723.41	466.714
1722.58	442.551
1721.75	427.425
1720.92	484.534
1720.09	445.334
1719.26	415.174
1718.43	469.247
1717.6	424.055
1716.76	411.956
1715.93	381.821
1715.1	426.845
1714.27	462.838
1713.44	441.725
1712.61	450.663
1711.77	486.634
1710.94	429.487
1710.11	438.422
1709.28	414.329
1708.44	420.262
1707.61	414.188
1706.78	477.136
1705.94	456.052
1705.11	395.978
1704.28	437.901
1703.44	497.803
1702.61	431.756
1701.78	410.698
1700.94	449.593
1700.11	401.568
1699.27	413.485
1698.44	410.419
1697.6	431.316
1696.77	467.179
1695.93	494.048
1695.1	452.052
1694.26	434.016
1693.43	401.022
1692.59	481.743
1691.76	439.778
1690.92	472.606
1690.09	493.46
1689.25	466.465
1688.41	430.51
1687.58	511.143
1686.74	457.261
1685.9	472.124
1685.07	469.056
1684.23	489.886
1683.39	442.017
1682.56	486.733
1681.72	465.751
1680.88	483.582
1680.04	480.515
1679.21	504.306
1678.37	495.269
1677.53	516.066
1676.69	468.258
1675.85	551.675
1675.01	512.821
1674.18	530.62
1673.34	539.471
1672.5	515.539
1671.66	515.451
1670.82	545.153
1669.98	542.082
1669.14	547.946
1668.3	482.348
1667.46	520.966
1666.62	461.349
1665.78	467.222
1664.94	541.528
1664.1	511.687
1663.26	484.83
1662.42	541.251
1661.58	541.159
1660.74	493.5
1659.9	552.864
1659.06	552.77
1658.21	522.962
1657.37	570.407
1656.53	543.576
1655.69	561.302
1654.85	519.636
1654.01	537.36
1653.16	569.92
1652.32	477.82
1651.48	545.987
1650.64	486.558
1649.79	513.172
1648.95	521.981
1648.11	542.649
1647.26	527.733
1646.42	521.714
1645.58	539.408
1644.73	459.307
1643.89	580.702
1643.05	500.622
1642.2	553.848
1641.36	515.258
1640.51	538.856
1639.67	500.28
1638.82	520.913
1637.98	508.987
1637.13	532.57
1636.29	505.855
1635.44	520.557
1634.6	523.426
1633.75	473.072
1632.91	493.685
1632.06	502.468
1631.21	520.113
1630.37	522.979
1629.52	522.889
1628.68	561.198
1627.83	587.68
1626.98	516.716
1626.14	519.58
1625.29	522.443
1624.44	483.988
1623.59	469.152
1622.75	489.723
1621.9	507.337
1621.05	513.149
1620.2	530.753
1619.36	507.077
1618.51	471.619
1617.66	595.317
1616.81	548.069
1615.96	471.377
1615.11	486.024
1614.26	533.063
1613.42	515.304
1612.57	515.216
1611.72	556.338
1610.87	570.958
1610.02	485.525
1609.17	550.168
1608.32	517.717
1607.47	479.394
1606.62	552.826
1605.77	508.631
1604.92	473.269
1604.07	511.395
1603.22	508.369
1602.37	499.468
1601.51	470.007
1600.66	505.171
1599.81	487.465
1598.96	522.614
1598.11	510.783
1597.26	548.85
1596.41	513.542
1595.55	513.454
1594.7	478.164
1593.85	513.278
1593	527.853
1592.14	530.694
1591.29	524.74
1590.44	486.547
1589.58	524.561
1588.73	495.171
1587.88	527.31
1587.02	562.368
1586.17	571.057
1585.32	483.119
1584.46	538.659
1583.61	523.931
1582.75	500.429
1581.9	514.974
1581.05	535.364
1580.19	541.122
1579.34	508.86
1578.48	488.305
1577.63	532.073
1576.77	593.364
1575.91	526.045
1575.06	543.487
1574.2	476.2
1573.35	496.565
1572.49	563.65
1571.64	508.074
1570.78	507.987
1569.92	481.629
1569.07	493.22
1568.21	525.233
1567.35	501.803
1566.5	501.717
1565.64	545.378
1564.78	545.284
1563.92	597.669
1563.07	568.417
1562.21	582.891
1561.35	568.221
1560.49	533.162
1559.63	547.635
1558.78	538.804
1557.92	538.711
1557.06	538.619
1556.2	585.101
1555.34	532.613
1554.48	567.441
1553.62	552.796
1552.76	573.064
1551.9	546.789
1551.04	535.063
1550.18	546.601
1549.32	526.158
1548.46	499.91
1547.6	534.695
1546.74	537.509
1545.88	534.511
1545.02	563.464
1544.16	508.192
1543.3	583.594
1542.44	513.823
1541.58	577.589
1540.72	551.372
1539.85	591.897
1538.99	562.786
1538.13	533.684
1537.27	530.692
1536.41	568.294
1535.54	495.722
1534.68	539.114
1533.82	579.592
1532.96	544.723
1532.09	535.938
1531.23	579.293
1530.37	550.234
1529.5	561.721
1528.64	547.149
1527.77	576
1526.91	584.582
1526.05	517.932
1525.18	561.237
1524.32	575.603
1523.45	508.988
1522.59	566.73
1521.72	586.869
1520.86	554.973
1519.99	557.767
1519.13	540.334
1518.26	551.797
1517.4	540.148
1516.53	597.815
1515.67	537.074
1514.8	588.948
1513.94	577.3
1513.07	554.112
1512.2	533.818
1511.34	522.186
1510.47	556.71
1509.6	588.338
1508.74	599.771
1507.87	547.773
1507	625.507
1506.13	599.461
1505.27	584.95
1504.4	584.849
1503.53	610.673
1502.66	558.727
1501.79	558.63
1500.93	584.445
1500.06	567.073
1499.19	587.121
1498.32	578.387
1497.45	555.271
1496.58	589.694
1495.71	589.592
1494.84	603.868
1493.97	546.263
1493.1	597.91
1492.23	594.933
1491.36	589.083
1490.49	565.997
1489.62	614.733
1488.75	594.522
1487.88	657.595
1487.01	671.836
1486.14	582.732
1485.27	671.604
1484.4	645.662
1483.53	634.074
1482.66	582.329
1481.78	636.723
1480.91	636.613
1480.04	716.782
1479.17	659.326
1478.3	685.007
1477.42	673.426
1476.55	704.826
1475.68	710.433
1474.81	670.212
1473.93	698.733
1473.06	813.139
1472.19	772.921
1471.31	769.925
1470.44	749.76
1469.57	709.574
1468.69	735.197
1467.82	777.973
1466.94	786.417
1466.07	783.422
1465.19	786.145
1464.32	806.017
1463.44	848.743
1462.57	862.882
1461.69	908.44
1460.82	876.864
1459.94	862.434
1459.07	893.692
1458.19	890.683
1457.32	813.464
1456.44	910.351
1455.56	858.834
1454.69	870.097
1453.81	944.105
1452.94	946.793
1452.06	849.685
1451.18	909.405
1450.3	869.343
1449.43	891.991
1448.55	943.124
1447.67	920.17
1446.79	968.432
1445.92	996.743
1445.04	962.402
1444.16	1019.17
1443.28	1030.38
1442.4	1027.36
1441.52	1035.71
1440.65	1029.84
1439.77	1092.24
1438.89	1057.93
1438.01	1032.15
1437.13	1003.54
1436.25	983.474
1435.37	892.362
1434.49	914.938
1433.61	894.893
1432.73	818.046
1431.85	806.544
1430.97	797.886
1430.09	837.493
1429.21	823.155
1428.33	740.711
1427.45	783.145
1426.56	743.291
1425.68	771.527
1424.8	709.001
1423.92	725.891
1423.04	737.105
1422.16	765.322
1421.27	807.7
1420.39	722.553
1419.51	705.43
1418.63	679.814
1417.74	682.528
1416.86	690.904
1415.98	659.642
1415.1	685.003
1414.21	724.505
1413.33	780.972
1412.44	710.108
1411.56	704.327
1410.68	650.471
1409.79	692.772
1408.91	661.553
1408.02	570.985
1407.14	675.454
1406.25	641.428
1405.37	630.016
1404.48	697.699
1403.6	663.687
1402.71	674.867
1401.83	691.689
1400.94	660.519
1400.06	663.226
1399.17	665.932
1398.29	677.101
1397.4	705.191
1396.51	612
1395.63	668.289
1394.74	702.004
1393.85	642.687
1392.97	636.939
1392.08	684.731
1391.19	732.506
1390.3	647.873
1389.42	650.577
1388.53	712.413
1387.64	692.581
1386.75	703.72
1385.86	683.897
1384.97	700.661
1384.09	692.099
1383.2	672.288
1382.31	714.357
1381.42	649.558
1380.53	646.634
1379.64	711.173
1378.75	761.638
1377.86	685.635
1376.97	713.611
1376.08	733.149
1375.19	674.043
1374.3	741.318
1373.41	701.883
1372.52	752.288
1371.63	676.38
1370.74	735.189
1369.85	718.228
1368.96	760.179
1368.06	664.69
1367.17	701.027
1366.28	745.763
1365.39	720.405
1364.5	720.279
1363.61	725.758
1362.71	770.458
1361.82	742.312
1360.93	767.388
1360.04	744.853
1359.14	685.929
1358.25	711.002
1357.36	691.287
1356.46	719.149
1355.57	747.001
1354.68	766.452
1353.78	729.96
1352.89	727.036
1351.99	690.564
1351.1	654.104
1350.2	737.835
1349.31	659.464
1348.41	729.195
1347.52	678.787
1346.62	742.905
1345.73	765.114
1344.83	720.31
1343.94	731.35
1343.04	711.686
1342.15	758.999
1341.25	756.076
1340.35	783.839
1339.46	719.556
1338.56	694.333
1337.66	752.76
1336.77	774.929
1335.87	710.692
1334.97	735.646
1334.08	752.234
1333.18	704.748
1332.28	760.326
1331.38	718.424
1330.49	771.197
1329.59	762.711
1328.69	712.481
1327.79	790.271
1326.89	776.222
1325.99	748.269
1325.09	748.138
1324.2	806.402
1323.3	772.899
1322.4	786.662
1321.5	728.16
1320.6	780.829
1319.7	764.023
1318.8	694.445
1317.9	749.869
1317	771.952
1316.1	794.028
1315.2	810.544
1314.3	785.424
1313.39	763.087
1312.49	810.118
1311.59	834.941
1310.69	865.302
1309.79	829.103
1308.89	809.551
1307.99	826.041
1307.08	881.325
1306.18	853.461
1305.28	836.689
1304.38	919.642
1303.47	877.938
1302.57	902.706
1301.67	980.067
1300.76	960.519
1299.86	935.442
1298.96	951.881
1298.05	1007.05
1297.15	987.507
1296.25	1028.82
1295.34	912.501
1294.44	956.576
1293.53	912.181
1292.63	878.857
1291.72	834.491
1290.82	765.277
1289.91	754.093
1289.01	756.723
1288.1	753.829
1287.2	795.109
1286.29	767.366
1285.39	781.031
1284.48	758.819
1283.57	766.962
1282.67	722.694
1281.76	755.661
1280.85	769.316
1279.95	738.855
1279.04	749.751
1278.13	752.375
1277.23	724.688
1276.32	724.561
1275.41	688.625
1274.5	694.012
1273.6	743.454
1272.69	718.546
1271.78	721.172
1270.87	668.756
1269.96	786.958
1269.05	693.281
1268.14	706.913
1267.24	665.536
1266.33	657.17
1265.42	679.048
1264.51	717.411
1263.6	700.795
1262.69	667.699
1261.78	708.791
1260.87	705.919
1259.96	667.347
1259.05	658.993
1258.14	658.877
1257.23	653.271
1256.31	694.322
1255.4	694.2
1254.49	677.617
1253.58	691.212
1252.67	663.667
1251.76	674.518
1250.85	688.106
1249.93	696.208
1249.02	660.459
1248.11	682.263
1247.2	736.934
1246.28	684.762
1245.37	679.164
1244.46	648.926
1243.54	648.812
1242.63	676.069
1241.72	648.583
1240.8	673.095
1239.89	662.033
1238.98	667.387
1238.06	716.495
1237.15	664.418
1236.23	645.165
1235.32	669.651
1234.4	636.739
1233.49	617.501
1232.57	680.224
1231.66	688.298
1230.74	671.792
1229.83	693.516
1228.91	726.153
1228	676.896
1227.08	654.945
1226.16	657.558
1225.25	635.618
1224.33	665.508
1223.41	635.394
1222.5	632.555
1221.58	662.43
1220.66	635.058
1219.74	662.197
1218.83	700.225
1217.91	585.688
1216.99	623.716
1216.07	675.346
1215.16	677.949
1214.24	685.996
1213.32	650.493
1212.4	634.051
1211.48	666.588
1210.56	677.351
1209.64	690.831
1208.72	685.27
1207.8	693.306
1206.88	668.718
1205.96	671.318
1205.04	630.439
1204.12	698.25
1203.2	646.515
1202.28	673.56
1201.36	684.303
1200.44	646.172
1199.52	665.06
1198.6	675.799
1197.68	689.247
1196.76	632.15
1195.84	653.74
1194.91	661.76
1193.99	683.337
1193.07	650.682
1192.15	704.781
1191.22	693.815
1190.3	753.307
1189.38	644.804
1188.46	614.893
1187.53	671.659
1186.61	649.877
1185.69	695.787
1184.76	655.061
1183.84	673.89
1182.92	649.418
1181.99	698.001
1181.07	662.713
1180.14	730.208
1179.22	667.887
1178.29	673.175
1177.37	659.541
1176.44	689.153
1175.52	656.606
1174.59	659.191
1173.67	675.281
1172.74	712.971
1171.82	683.143
1170.89	704.619
1169.96	672.104
1169.04	655.793
1168.11	696.151
1167.18	682.538
1166.26	623.077
1165.33	755.111
1164.4	647.123
1163.48	698.23
1162.55	671.153
1161.62	673.729
1160.69	630.498
1159.76	641.163
1158.84	689.532
1157.91	697.489
1156.98	673.132
1156.05	689.165
1155.12	670.202
1154.19	672.775
1153.26	683.418
1152.33	683.297
1151.41	650.9
1150.48	669.608
1149.55	639.914
1148.62	707.006
1147.69	698.818
1146.76	682.57
1145.82	693.196
1144.89	639.347
1143.96	719.809
1143.03	679.401
1142.1	706.129
1141.17	740.902
1140.24	673.671
1139.31	751.373
1138.38	716.36
1137.44	751.106
1136.51	737.562
1135.58	734.75
1134.65	825.777
1133.71	812.227
1132.78	846.925
1131.85	854.813
1130.91	900.208
1129.98	841.116
1129.05	835.611
1128.11	816.718
1127.18	829.959
1126.25	864.61
1125.31	864.457
1124.38	864.303
1123.44	799.941
1122.51	802.473
1121.57	772.912
1120.64	735.339
1119.7	711.147
1118.77	767.154
1117.83	750.983
1116.9	756.193
1115.96	756.059
1115.03	737.227
1114.09	809.203
1113.15	766.336
1112.22	688.779
1111.28	763.395
1110.34	707.216
1109.41	744.445
1108.47	656.276
1107.53	725.51
1106.6	760.049
1105.66	741.25
1104.72	757.113
1103.78	732.99
1102.84	812.808
1101.91	762.038
1100.97	801.862
1100.03	793.729
1099.09	764.294
1098.15	844.036
1097.21	756.036
1096.27	798.488
1095.33	801.007
1094.39	755.633
1093.45	776.78
1092.51	744.725
1091.57	744.592
1090.63	808.27
1089.69	813.443
1088.75	789.378
1087.81	797.209
1086.87	749.243
1085.93	722.545
1084.99	818.031
1084.05	778.053
1083.11	831.014
1082.16	783.085
1081.22	756.405
1080.28	862.413
1079.34	724.298
1078.39	793.137
1077.45	792.996
1076.51	803.461
1075.57	816.574
1074.62	789.921
1073.68	744.726
1072.74	821.437
1071.79	810.693
1070.85	834.388
1069.91	823.646
1068.96	807.612
1068.02	905.423
1067.07	918.496
1066.13	950.09
1065.18	907.584
1064.24	981.498
1063.29	915.196
1062.35	872.719
1061.4	893.716
1060.46	875.051
1059.51	888.111
1058.56	890.595
1057.62	840.233
1056.67	789.89
1055.73	773.901
1054.78	739.432
1053.83	792.107
1052.88	744.448
1051.94	770.709
1050.99	820.711
1050.04	786.264
1049.09	820.418
1048.15	830.821
1047.2	883.414
1046.25	804.159
1045.3	835.648
1044.35	827.592
1043.41	803.728
1042.46	811.488
1041.51	811.343
1040.56	827.001
1039.61	818.953
1038.66	729.291
1037.71	802.866
1036.76	768.508
1035.81	807.842
1034.86	773.495
1033.91	762.835
1032.96	820.559
1032.01	804.635
1031.06	722.99
1030.11	856.919
1029.15	809.459
1028.2	754.134
1027.25	809.17
1026.3	816.905
1025.35	816.759
1024.4	771.975
1023.44	787.588
1022.49	769.073
1021.54	821.423
1020.59	750.431
1019.63	797.518
1018.68	752.785
1017.73	760.518
1016.77	781.358
1015.82	802.19
1014.87	770.594
1013.91	796.662
1012.96	765.077
1012	746.603
1011.05	793.614
1010.09	772.523
1009.14	759.293
1008.18	774.864
1007.23	759.021
1006.27	761.502
1005.32	782.296
1004.36	750.765
1003.41	792.478
1002.45	719.116
1001.49	810.495
1000.54	747.613
999.581	757.933
998.624	781.315
997.667	739.373
996.71	747.077
995.753	746.943
994.796	785.977
993.838	783.226
992.88	767.423
991.922	746.407
990.964	738.445
990.006	813.97
989.047	795.565
988.089	784.991
987.13	761.383
986.171	763.853
985.212	753.29
984.253	711.457
983.293	807.737
982.334	690.361
981.374	765.772
980.414	710.947
979.454	786.327
978.493	825.235
977.533	819.881
976.572	811.927
975.611	785.763
974.65	861.062
973.689	923.329
972.728	912.762
971.766	987.998
970.804	1016.41
969.843	1073.41
968.88	1055.03
967.918	1184.75
966.956	1304.02
965.993	1363.53
965.031	1451.57
964.068	1477.27
963.104	1567.86
962.141	1588.34
961.178	1624.38
960.214	1515.12
959.25	1561.54
958.286	1387.5
957.322	1314.65
956.358	1244.41
955.393	1197.53
954.429	1184.36
953.464	1119.37
952.499	1051.81
951.534	1090.47
950.568	986.686
949.603	945.081
948.637	960.443
947.671	877.444
946.705	885.05
945.739	846.079
944.773	876.97
943.806	902.677
942.839	871.482
941.872	912.694
940.905	845.318
939.938	811.566
938.971	826.924
938.003	842.278
937.035	831.793
936.067	829.06
935.099	844.405
934.131	810.689
933.162	787.311
932.194	782.007
931.225	787.027
930.256	872.024
929.287	789.323
928.317	760.811
927.348	801.931
926.378	845.614
925.408	765.555
924.438	783.457
923.468	778.163
922.497	775.446
921.527	780.458
920.556	782.892
919.585	767.302
918.614	821.226
917.643	815.93
916.671	810.636
915.7	792.479
914.728	774.328
913.756	776.76
912.784	807.479
911.811	802.191
910.839	791.764
909.866	827.604
908.893	745.223
907.92	842.721
906.947	742.385
905.974	788.481
905	734.413
904.026	767.657
903.052	818.857
902.078	800.744
901.104	782.637
900.13	818.414
899.155	825.961
898.18	846.329
897.205	846.176
896.23	825.514
895.255	845.871
894.279	861.094
893.304	812.255
892.328	809.546
891.352	878.557
890.376	860.472
889.399	896.163
888.423	808.961
887.446	857.446
886.469	818.905
885.492	821.315
884.515	839.074
883.537	831.249
882.559	838.77
881.582	864.186
880.604	841.023
879.626	815.313
878.647	889.271
877.669	792.023
876.69	784.217
875.711	824.939
874.732	883.521
873.753	873.148
872.774	842.359
871.794	883.041
870.814	885.433
869.834	790.877
868.854	918.272
867.874	846.698
866.893	828.695
865.913	866.786
864.932	858.982
863.951	874.117
862.97	825.547
861.989	830.493
861.007	860.907
860.025	820.006
859.043	855.503
858.061	880.805
857.079	806.834
856.097	921.202
855.114	867.604
854.131	826.746
853.148	808.792
852.165	905.276
851.182	844.094
850.198	815.979
849.215	838.704
848.231	856.34
847.247	861.266
846.263	873.81
845.278	827.937
844.294	883.65
843.309	820.021
842.324	896.021
841.339	847.64
840.354	862.71
839.368	809.278
838.383	831.96
837.397	791.233
836.411	867.155
835.425	803.621
834.438	836.425
833.452	866.683
832.465	825.987
831.478	868.902
830.491	797.826
829.504	863.522
828.517	868.429
827.529	888.522
826.541	809.901
825.553	807.224
824.565	786.837
823.577	794.283
822.588	771.377
821.6	895.14
820.611	849.47
819.622	803.817
818.633	803.671
817.643	790.89
816.654	765.483
815.664	815.862
814.674	780.358
813.684	767.591
812.694	830.564
811.703	830.413
810.712	787.361
809.722	885.62
808.731	794.643
807.739	809.631
806.748	832.18
805.757	806.816
804.765	806.669
803.773	798.961
802.781	763.537
801.789	793.631
800.796	796.006
799.803	821.047
798.811	775.572
797.818	762.842
796.824	848.287
795.831	770.115
794.838	780.04
793.844	797.508
792.85	789.817
791.856	807.277
790.862	761.871
789.867	791.9
788.872	814.377
787.878	829.307
786.883	796.492
785.888	771.226
784.892	781.132
783.897	811.124
782.901	765.783
781.905	800.787
780.909	805.661
779.913	815.552
778.916	747.662
777.92	802.712
776.923	777.486
775.926	852.571
774.929	809.795
773.931	794.607
772.934	822.03
771.936	829.398
770.938	834.257
769.94	804.047
768.942	846.474
767.943	813.769
766.945	803.607
765.946	805.963
764.947	803.314
763.948	818.18
762.949	830.539
761.949	830.387
760.949	815.231
759.949	830.084
758.949	802.435
757.949	797.289
756.949	859.616
755.948	834.475
754.947	816.837
753.946	806.697
752.945	784.077
751.944	768.954
750.942	846.194
749.94	846.039
748.938	828.418
747.936	838.246
746.934	788.206
745.932	805.519
744.929	825.32
743.926	832.648
742.923	810.063
741.92	862.248
740.917	804.784
739.913	866.915
738.909	836.868
737.905	799.362
736.901	761.869
735.897	851.345
734.892	836.256
733.888	836.104
732.883	843.414
731.878	808.435
730.873	775.956
729.867	815.599
728.862	805.506
727.856	810.33
726.85	852.43
725.844	822.457
724.838	799.948
723.831	879.285
722.824	836.906
721.818	794.543
720.81	861.424
719.803	774.395
718.796	776.735
717.788	808.848
716.78	801.258
715.772	801.111
714.764	815.843
713.756	793.38
712.747	820.502
711.739	805.481
710.73	797.9
709.721	842.348
708.711	842.194
707.702	809.844
706.692	797.315
705.683	826.877
704.672	841.577
703.662	801.826
702.652	838.794
701.641	888.118
700.631	848.38
699.62	813.603
698.609	833.234
697.597	860.274
696.586	835.4
695.574	810.536
694.562	854.859
693.55	797.887
692.538	864.425
691.526	851.92
690.513	864.108
689.5	873.823
688.487	863.791
687.474	829.087
686.461	833.869
685.447	853.449
684.433	850.826
683.419	855.601
682.405	850.514
681.391	842.963
680.377	828.022
679.362	845.118
678.347	869.597
677.332	812.788
676.317	891.44
675.302	893.739
674.286	849.265
673.27	824.497
672.254	844.032
671.238	843.877
670.222	843.722
669.205	814.054
668.189	865.542
667.172	887.509
666.155	789.025
665.137	852.777
664.12	810.849
663.102	832.81
662.084	886.694
661.066	807.946
660.048	859.359
659.03	842.017
658.011	849.226
656.992	856.431
655.973	807.204
654.954	878.194
653.935	878.032
652.915	809.211
651.896	845.837
650.876	838.328
649.856	889.64
648.836	801.264
647.815	847.665
646.794	845.059
645.774	808.169
644.753	834.954
643.731	856.833
642.71	851.78
641.688	898.12
640.667	849.02
639.645	868.434
638.623	819.357
637.6	870.559
636.578	904.628
635.555	877.572
634.532	872.522
633.509	840.595
632.486	847.77
631.462	889.139
630.439	869.437
629.415	896.137
628.391	886.206
627.367	905.57
626.342	846.833
625.318	856.436
624.293	834.323
623.268	887.829
622.243	948.631
621.217	924.074
620.192	921.466
619.166	857.927
618.14	887.011
617.114	947.757
616.088	935.402
615.061	906.004
614.035	937.492
613.008	990.88
611.981	873.858
610.953	927.239
609.926	987.899
608.898	929.329
607.871	892.672
606.843	863.325
605.814	897.206
604.786	904.333
603.757	926.041
602.729	950.171
601.7	942.707
600.671	925.528
599.641	915.642
598.612	862.05
597.582	978.428
596.552	980.675
595.522	941.662
594.492	968.18
593.461	926.758
592.431	955.694
591.4	991.895
590.369	948.067
589.337	955.165
588.306	913.783
587.274	933.001
586.243	961.904
585.211	998.063
584.178	973.658
583.146	905.674
582.113	985.404
581.081	963.436
580.048	1028.6
579.015	950.98
577.981	982.256
576.948	1006.26
575.914	957.708
574.88	964.785
573.846	988.782
572.812	889.497
571.777	942.499
570.743	898.833
569.708	917.993
568.673	939.561
567.637	980.44
566.602	941.627
565.566	951.109
564.53	965.414
563.494	967.648
562.458	940.93
561.422	928.695
560.385	889.935
559.348	906.649
558.311	901.659
557.274	906.313
556.237	956.754
555.199	944.53
554.162	932.309
553.124	910.459
552.086	939.188
551.047	994.392
550.009	970.135
548.97	921.818
547.931	991.433
546.892	950.348
545.853	892.44
544.813	959.616
543.774	920.964
542.734	956.856
541.694	942.256
540.653	867.58
539.613	992.366
538.572	927.317
537.532	946.361
536.49	922.17
535.449	991.629
534.408	926.629
533.366	993.661
532.324	945.483
531.282	938.11
530.24	933.138
529.198	968.94
528.155	947.179
527.113	980.568
526.07	898.887
525.026	973.014
523.983	924.91
522.94	924.739
521.896	1001.21
520.852	974.686
519.808	1046.34
518.764	991.081
517.719	923.88
516.674	964.39
515.629	966.603
514.584	978.384
513.539	930.369
512.494	992.368
511.448	1025.65
510.402	920.288
509.356	963.136
508.31	1003.58
507.263	938.887
506.217	1022.31
505.17	950.479
504.123	935.976
503.075	899.993
502.028	1002.46
500.98	966.477
499.933	930.508
498.885	966.117
497.836	942.087
496.788	944.296
495.739	970.346
494.691	955.863
493.642	981.901
492.592	1003.16
491.543	1012.51
490.494	959.916
489.444	962.118
488.394	938.129
487.344	1016.51
486.293	980.622
485.243	930.466
484.192	930.292
483.141	868.27
482.09	970.378
481.039	979.709
479.987	1010.43
478.935	1019.75
477.883	955.396
476.831	1064.52
475.779	1004.93
474.726	997.617
473.674	954.684
472.621	992.496
471.568	1046.91
470.514	980.258
469.461	1048.89
468.407	958.539
467.353	1001.06
466.299	1007.99
465.245	1010.17
464.191	950.712
463.136	1031.13
462.081	1064.12
461.026	1002.31
459.971	980.801
458.915	1051.68
457.86	1015.96
456.804	982.62
455.748	1115.01
454.691	1100.6
453.635	1069.63
452.578	1062.33
451.522	1038.48
450.464	1085.58
449.407	1064.1
448.35	1106.46
447.292	1054.25
446.234	1091.86
445.176	1070.39
444.118	1112.72
443.06	1084.17
442.001	1055.62
440.942	1069.59
439.883	1074.12
438.824	1083.36
437.765	1078.43
436.705	1080.59
435.645	1089.83
434.585	1110.85
433.525	1148.37
432.465	1108.07
431.404	1070.15
430.343	1140.65
429.282	1166.36
428.221	1126.09
427.16	1130.59
426.098	1172.77
425.036	1045.41
423.974	1068.75
422.912	1075.61
421.85	1082.47
420.787	1150.5
419.724	1046.78
418.661	1058.35
417.598	1041.69
416.535	1074.41
415.471	1083.61
414.408	1092.81
413.344	1104.35
412.279	1038.36
411.215	1040.52
410.15	1052.07
409.086	1077.7
408.021	1093.93
406.956	1051.47
405.89	1070.05
404.825	1081.58
403.759	1032.12
402.693	1106.97
401.627	1120.83
400.56	1134.69
399.494	1061.82
398.427	1045.21
397.36	1110.62
396.293	1049.51
395.225	993.096
394.158	1018.67
393.09	1093.4
392.022	1097.88
390.954	1039.16
389.886	1085.77
388.817	1083.22
387.748	1076
386.679	1073.46
385.61	1049.88
384.541	1084.75
383.471	1105.58
382.401	1121.73
381.331	1091.15
380.261	1093.28
379.191	1069.72
378.12	1076.52
377.05	1090.33
375.979	1111.13
374.907	1045.57
373.836	1106.05
372.764	1061.51
371.693	1054.32
370.621	1084.44
369.548	1116.88
368.476	1093.35
367.403	1090.82
366.331	1030.02
365.258	1032.16
364.184	1038.95
363.111	1076.02
362.037	1106.09
360.964	1036.04
359.89	1063.78
358.815	1142.71
357.741	1081.99
356.666	1060.85
355.592	1028.09
354.517	1067.43
353.441	1085.83
352.366	1067.03
351.29	1052.88
350.215	1055.01
349.139	1073.4
348.062	1089.46
346.986	1061.38
345.909	1051.89
344.832	1051.69
343.755	1044.53
342.678	1125.56
341.601	1109.11
340.523	1108.9
339.445	1136.52
338.367	1073.7
337.289	1064.22
336.21	1117.34
335.132	1117.13
334.053	1068.25
332.974	1054.15
331.895	1044.69
330.815	1058.39
329.735	1160.07
328.656	1099.66
327.575	1124.91
326.495	1089.99
325.415	1117.55
324.334	1121.97
323.253	1063.93
322.172	1105.36
321.091	1186.07
320.009	1141.92
318.927	1116.29
317.846	1060.62
316.763	1076.59
315.681	1129.51
314.599	1159.32
313.516	1094.45
312.433	1145.03
311.35	1114.81
310.266	1112.3
309.183	1079.78
308.099	1091.11
307.015	1102.44
305.931	1129.9
304.847	1090.5
303.762	1117.95
302.677	1097
301.592	1131.36
300.507	1131.14
299.422	1084.86
298.336	1137.62
297.25	1098.27
296.164	1077.34
295.078	1061.03
293.992	1060.83
292.905	1189.47
291.818	1071.93
290.731	1152.22
289.644	1172.7
288.557	1089.71
287.469	1089.51
286.381	1167.44
285.293	1105.18
284.205	1183.08
283.116	1180.55
282.028	1141.29
280.939	1122.71
279.85	1161.52
278.76	1159.01
277.671	1135.84
276.581	1225.1
275.491	1130.82
274.401	1123.73
273.311	1206.06
272.22	1150.81
271.129	1201.02
270.039	1166.42
268.947	1127.25
267.856	1191.18
266.764	1145.15
265.673	1156.38
264.581	1208.82
263.489	1171.96
262.396	1169.45
261.304	1187.54
260.211	1143.85
259.118	1139.06
258.025	1168.57
256.931	1081.46
255.837	1172.7
254.744	1186.19
253.65	1185.96
252.555	1226.86
251.461	1116.99
250.366	1214.98
249.271	1205.62
248.176	1237.35
247.081	1207.44
245.985	1225.47
244.89	1202.42
243.794	1142.88
242.698	1243.02
241.601	1194.9
240.505	1174.15
239.408	1178.49
238.311	1157.75
237.214	1214.5
236.117	1241.61
235.019	1182.15
233.921	1168.26
232.823	1193.09
231.725	1247.49
230.627	1254.09
229.528	1274.33
228.429	1299.11
227.33	1178.31
226.231	1271.33
225.131	1159.67
224.032	1236.74
222.932	1200.14
221.832	1181.73
220.732	1215.59
219.631	1297.14
218.53	1233.3
217.429	1287.57
216.328	1262.35
215.227	1232.6
214.125	1234.63
213.024	1241.21
211.922	1206.94
210.82	1304.24
209.717	1213.28
208.615	1201.72
207.512	1255.9
206.409	1239.79
205.306	1216.89
204.202	1268.77
203.098	1325.16
201.995	1313.59
200.891	1270.31
199.786	1270.07
198.682	1306.05
197.577	1285.43
196.472	1278.4
195.367	1298.52
194.262	1309.58
193.156	1288.98
192.051	1232.21
190.945	1299.79
189.838	1238.52
188.732	1310.59
187.625	1380.38
186.519	1292.02
185.412	1233.06
184.304	1316.37
183.197	1264.2
182.089	1284.27
180.982	1311.1
179.874	1353.72
178.765	1306.09
177.657	1308.1
176.548	1312.36
175.439	1323.38
174.33	1381.74
173.221	1374.71
172.111	1336.15
171.001	1383.2
169.892	1358.16
168.781	1391.68
167.671	1332.88
166.56	1397.9
165.45	1372.88
164.339	1386.12
163.227	1439.85
162.116	1435.08
161.004	1353.84
159.892	1344.59
158.78	1375.81
157.668	1442.97
156.556	1373.03
155.443	1381.76
154.33	1453.38
153.217	1459.84
152.103	1428.12
150.99	1405.4
149.876	1418.6
148.762	1384.67
147.648	1485.37
146.533	1442.47
145.419	1424.25
144.304	1428.46
143.189	1499.93
142.074	1454.81
140.958	1474.71
139.843	1532.69
138.727	1456.22
137.611	1500.74
136.494	1502.69
135.378	1428.52
134.261	1522.27
133.144	1490.64
132.027	1450.08
130.909	1534.82
129.792	1523.34
128.674	1478.32
127.556	1460.15
126.438	1435.28
125.319	1448.42
124.2	1559.88
123.082	1476.91
121.962	1572.68
120.843	1512.08
119.724	1507.32
118.604	1569.55
117.484	1520.14
116.364	1609.12
115.243	1497.25
114.123	1525.96
113.002	1547.97
111.881	1449.56
110.76	1464.89
109.638	1426.71
108.517	1455.41
107.395	1406.11
106.273	1394.7
105.15	1405.57
104.028	1334.03
102.905	1258.07
101.782	1297.9
100.659	1302.1
